timestamp,outVoltage,inVoltage,batVoltage
943.52099609375,3024.24,3019.36,4063.22
1004.574462890625,3024.24,3043.75,4063.22
1065.983154296875,3024.24,3048.63,4063.22
1127.0869140625,3024.24,3043.75,4063.22
1188.58154296875,3024.24,3024.24,4063.22
1249.66162109375,3024.24,3004.73,4063.22
1311.074462890625,3024.24,2999.85,4063.22
1372.383056640625,3024.24,3009.61,4063.22
1433.675537109375,3024.24,3024.24,4058.34
1495.138916015625,3024.24,3043.75,4063.22
1556.43310546875,3019.36,3009.61,4068.09
1617.61328125,3019.36,3034.0,4063.22
1678.76123046875,3024.24,3019.36,4068.09
1740.43359375,3024.24,3004.73,4068.09
1801.29052734375,3019.36,3004.73,4068.09
1862.76904296875,3024.24,3019.36,4068.09
1923.904296875,3024.24,3034.0,4063.22
1985.258544921875,3024.24,3048.63,4063.22
2046.43017578125,3024.24,3048.63,4063.22
2107.879638671875,3024.24,3034.0,4063.22
2168.936279296875,3024.24,3009.61,4063.22
2230.372802734375,3024.24,2946.2,4058.34
2291.465087890625,3024.24,2999.85,4063.22
2352.897216796875,3019.36,3019.36,4058.34
2414.372314453125,3019.36,3038.88,4063.22
2475.631591796875,3019.36,3048.63,4063.22
2537.13720703125,3019.36,3038.88,4063.22
2598.04931640625,3019.36,3024.24,4063.22
2659.451416015625,3019.36,3004.73,4068.09
2720.830078125,3019.36,2999.85,4063.22
2781.99755859375,3024.24,3009.61,4063.22
2843.150390625,3024.24,3029.12,4068.09
2904.642822265625,3024.24,3009.61,4063.22
2965.579833984375,3024.24,3053.51,4063.22
3027.25341796875,3024.24,3038.88,4058.34
3088.1484375,3024.24,3019.36,4058.34
3149.6328125,3024.24,3004.73,4058.34
3210.8984375,3024.24,2999.85,4058.34
3272.27392578125,3019.36,3009.61,4058.34
3333.576904296875,3019.36,3029.12,4058.34
3394.69775390625,3019.36,3043.75,4058.34
3456.0888671875,3019.36,3043.75,4063.22
3517.230712890625,3019.36,3034.0,4063.22
3578.705810546875,3019.36,2999.85,4068.09
3639.87109375,3019.36,2999.85,4068.09
3701.19287109375,3019.36,3004.73,4063.22
3762.398681640625,3024.24,3019.36,4063.22
3823.802734375,3024.24,3038.88,4063.22
3884.851318359375,3024.24,3048.63,4063.22
3946.355224609375,3024.24,3048.63,4063.22
4007.469970703125,3024.24,3029.12,4058.34
4068.898193359375,3024.24,3009.61,4058.34
4130.28662109375,3024.24,2999.85,4058.34
4191.4248046875,3019.36,2985.22,4063.22
4252.87646484375,3019.36,2985.22,4058.34
4313.958984375,3019.36,3038.88,4058.34
4375.421875,3019.36,3043.75,4063.22
4436.5771484375,3019.36,3038.88,4063.22
4498.0068359375,3019.36,3024.24,4063.22
4559.240478515625,3019.36,3004.73,4068.09
4620.52099609375,3019.36,2999.85,4068.09
4681.9365234375,3024.24,3014.49,4063.22
4743.067626953125,3024.24,3029.12,4063.22
4804.76171875,3024.24,3048.63,4063.22
4865.601806640625,3024.24,3038.88,4063.22
4927.10546875,3024.24,3029.12,4063.22
4988.250244140625,3024.24,3019.36,4063.22
5049.56298828125,3024.24,2999.85,4058.34
5110.87744140625,3024.24,2999.85,4058.34
5172.10009765625,3019.36,3014.49,4058.34
5233.41748046875,3019.36,3029.12,4063.22
5294.69970703125,3019.36,3043.75,4063.22
5355.8359375,3019.36,3043.75,4063.22
5417.219482421875,3019.36,3029.12,4063.22
5478.389404296875,3019.36,3009.61,4068.09
5539.8837890625,3019.36,2990.1,4068.09
5600.870361328125,3019.36,3004.73,4068.09
5662.316650390625,3019.36,3024.24,4063.22
5723.740478515625,3024.24,3038.88,4063.22
5784.859619140625,3024.24,3048.63,4063.22
5846.32080078125,3024.24,3043.75,4063.22
5907.396240234375,3024.24,3029.12,4058.34
5968.7978515625,3024.24,3004.73,4058.34
6029.961669921875,3024.24,2994.98,4058.34
6091.410400390625,3019.36,3004.73,4063.22
6152.4921875,3019.36,3019.36,4072.97
6213.976806640625,3019.36,2994.98,4063.22
6275.059326171875,3019.36,3048.63,4063.22
6336.505126953125,3019.36,3038.88,4063.22
6397.63671875,3019.36,3024.24,4063.22
6459.047607421875,3019.36,3004.73,4068.09
6520.1474609375,3019.36,2999.85,4068.09
6581.564208984375,3019.36,3014.49,4063.22
6643.01123046875,3024.24,3034.0,4063.22
6704.10205078125,3024.24,3048.63,4063.22
6765.5703125,3024.24,3048.63,4063.22
6826.64453125,3024.24,3038.88,4063.22
6888.09716796875,3024.24,2970.59,4058.34
6949.185302734375,3024.24,2999.85,4058.34
7010.646728515625,3019.36,2999.85,4058.34
7071.74560546875,3019.36,3014.49,4063.22
7133.17578125,3019.36,3029.12,4063.22
7194.34130859375,3019.36,3048.63,4063.22
7255.817626953125,3019.36,3043.75,4063.22
7316.857177734375,3019.36,3024.24,4063.22
7378.3369140625,3019.36,3004.73,4068.09
7439.8125,3019.36,2999.85,4068.09
7500.81689453125,3019.36,3004.73,4068.09
7562.261962890625,3024.24,3009.61,4063.22
7623.371826171875,3019.36,3038.88,4063.22
7684.81396484375,3024.24,3048.63,4063.22
7745.912841796875,3024.24,3043.75,4063.22
7807.363037109375,3024.24,3024.24,4063.22
7868.51953125,3024.24,3004.73,4063.22
7929.936279296875,3019.36,2999.85,4058.34
7991.078125,3019.36,3004.73,4058.34
8052.657470703125,3019.36,3024.24,4063.22
8113.58203125,3019.36,3038.88,4063.22
8175.0869140625,3019.36,3048.63,4063.22
8236.18359375,3019.36,3038.88,4063.22
8297.5673828125,3019.36,3019.36,4063.22
8359.067138671875,3019.36,3004.73,4068.09
8420.164306640625,3019.36,3004.73,4068.09
8481.547119140625,3019.36,3014.49,4068.09
8542.652587890625,3019.36,3034.0,4063.22
8604.201904296875,3024.24,3048.63,4063.22
8665.339111328125,3024.24,3048.63,4063.22
8726.817626953125,3024.24,3034.0,4058.34
8787.7197265625,3024.24,3014.49,4058.34
8849.35009765625,3019.36,2985.22,4058.34
8910.330322265625,3019.36,2975.46,4063.22
8972.02197265625,3019.36,3014.49,4063.22
9032.905517578125,3019.36,3034.0,4058.34
9094.311767578125,3019.36,3043.75,4063.22
9155.38427734375,3019.36,3043.75,4063.22
9216.76123046875,3019.36,3029.12,4063.22
9278.26220703125,3019.36,3009.61,4068.09
9339.343505859375,3019.36,2999.85,4068.09
9400.738037109375,3019.36,3009.61,4063.22
9462.022705078125,3019.36,3024.24,4063.22
9523.33935546875,3024.24,3014.49,4063.22
9584.430419921875,3024.24,3048.63,4063.22
9645.872314453125,3024.24,3043.75,4063.22
9706.98486328125,3024.24,3024.24,4063.22
9768.423583984375,3024.24,3004.73,4058.34
9829.5458984375,3019.36,2999.85,4058.34
9891.075927734375,3019.36,3004.73,4058.34
9952.162841796875,3019.36,3024.24,4063.22
10013.569580078125,3019.36,3038.88,4058.34
10074.6533203125,3019.36,3048.63,4063.22
10136.14892578125,3019.36,3034.0,4063.22
10197.56396484375,3019.36,2990.1,4068.09
10258.614501953125,3019.36,2994.98,4068.09
10320.080322265625,3019.36,3004.73,4068.09
10381.3935546875,3019.36,3019.36,4063.22
10442.6298828125,3024.24,3034.0,4063.22
10503.77734375,3024.24,3048.63,4063.22
10565.384033203125,3024.24,3048.63,4058.34
10626.318359375,3024.24,3034.0,4063.22
10687.76513671875,3024.24,3014.49,4058.34
10749.10302734375,3019.36,2999.85,4058.34
10810.298828125,3019.36,2999.85,4058.34
10871.50830078125,3019.36,2999.85,4063.22
10932.81982421875,3019.36,3034.0,4058.34
10994.292724609375,3019.36,3043.75,4063.22
11055.40673828125,3019.36,3043.75,4063.22
11116.9052734375,3019.36,3029.12,4063.22
11177.858154296875,3019.36,3009.61,4068.09
11239.388671875,3019.36,2999.85,4068.09
11300.428466796875,3019.36,3009.61,4068.09
11361.8896484375,3024.24,3029.12,4063.22
11423.002685546875,3019.36,3043.75,4063.22
11484.42236328125,3024.24,3048.63,4063.22
11545.53466796875,3024.24,3034.0,4063.22
11606.980224609375,3024.24,3024.24,4058.34
11668.078857421875,3024.24,3004.73,4063.22
11729.7021484375,3019.36,2999.85,4058.34
11790.619140625,3019.36,3009.61,4058.34
11852.115478515625,3019.36,3029.12,4058.34
11913.561279296875,3019.36,3043.75,4063.22
11974.646728515625,3019.36,3048.63,4063.22
12036.103515625,3019.36,3034.0,4063.22
12097.430908203125,3019.36,3014.49,4068.09
12158.614013671875,3019.36,3004.73,4068.09
12219.755615234375,3019.36,2965.71,4068.09
12281.262939453125,3019.36,3019.36,4063.22
12342.272216796875,3019.36,3038.88,4063.22
12403.746826171875,3024.24,3048.63,4063.22
12465.4853515625,3024.24,3048.63,4063.22
12526.261474609375,3024.24,3034.0,4058.34
12587.31494140625,3024.24,3009.61,4058.34
12648.718994140625,3019.36,2999.85,4058.34
12709.908203125,3019.36,3004.73,4058.34
12771.37939453125,3019.36,3019.36,4058.34
12833.1669921875,3019.36,3038.88,4068.09
12894.0341796875,3019.36,3043.75,4063.22
12955.294677734375,3019.36,3043.75,4063.22
13016.6005859375,3019.36,3024.24,4063.22
13077.852783203125,3019.36,3009.61,4068.09
13138.965576171875,3019.36,3004.73,4068.09
13200.40869140625,3019.36,3014.49,4068.09
13261.56396484375,3024.24,3034.0,4063.22
13323.01025390625,3024.24,3053.51,4063.22
13384.02587890625,3024.24,3053.51,4063.22
13445.493408203125,3024.24,3043.75,4063.22
13506.618408203125,3024.24,2999.85,4063.22
13568.01318359375,3024.24,2999.85,4058.34
13629.461669921875,3019.36,3004.73,4058.34
13690.6494140625,3019.36,3014.49,4063.22
13752.244140625,3019.36,3034.0,4063.22
13813.3212890625,3019.36,3048.63,4063.22
13874.550537109375,3019.36,3048.63,4063.22
13935.699462890625,3019.36,3034.0,4063.22
13997.300048828125,3019.36,3019.36,4068.09
14058.22509765625,3019.36,3009.61,4068.09
14119.77294921875,3019.36,3009.61,4068.09
14180.877197265625,3019.36,2990.1,4068.09
14242.227783203125,3019.36,3038.88,4063.22
14303.45751953125,3024.24,3053.51,4063.22
14365.024169921875,3024.24,3053.51,4063.22
14425.83349609375,3024.24,3034.0,4058.34
14487.413330078125,3024.24,3009.61,4058.34
14548.7578125,3019.36,3004.73,4058.34
14609.8896484375,3019.36,3009.61,4058.34
